,scanNumber,timesweep,status,I0,I1,conversion,tReaction,tRes,Mn,Mw,D
0,0,1,No,-1.015,-0.403,-1.518610421836228,,,,,
1,1,1,No,44.281,49.312,0.10202384815055154,,,,,
2,2,1,No,48.452,53.195,0.089162515273992,,,,,
3,3,1,No,49.489,53.848,0.08095008171148421,,,,,
4,4,1,No,49.903,53.837,0.07307242231179312,,,,,
5,5,1,No,49.666,54.0,0.08025925925925936,,,,,
6,6,1,No,49.896,54.095,0.0776227008041408,,,,,
7,7,1,No,49.419,54.081,0.08620402729239485,,,,,
8,8,1,Timesweep,49.64,54.112,0.08264340626848021,0.0,1.0,,,
9,9,1,Timesweep,49.862,54.15,0.07918744228993535,17.0,1.14,,,
10,10,1,Timesweep,49.46,54.214,0.08768952669052266,34.0,1.28,,,
11,11,1,Timesweep,49.916,54.362,0.08178507045362582,51.0,1.42,8420.0,8497.0,1.009
12,12,1,Timesweep,50.123,54.229,0.07571594534289772,68.0,1.57,,,
13,13,1,Timesweep,50.014,53.865,0.07149354868653113,85.0,1.71,,,
14,14,1,Timesweep,49.767,54.221,0.082145294258682,102.0,1.85,,,
